0.0,0.0
0.001001001001001001,1.002003004005006e-06
0.002002002002002002,4.008012016020024e-06
0.003003003003003003,9.018027036045055e-06
0.004004004004004004,1.6032048064080095e-05
0.005005005005005005,2.505007510012515e-05
0.006006006006006006,3.607210814418022e-05
0.007007007007007007,4.9098147196245295e-05
0.008008008008008008,6.412819225632038e-05
0.009009009009009009,8.116224332440549e-05
0.01001001001001001,0.0001002003004005006
0.011011011011011011,0.00012124236348460573
0.012012012012012012,0.00014428843257672087
0.013013013013013013,0.000169338507676846
0.014014014014014014,0.00019639258878498118
0.015015015015015015,0.00022545067590112636
0.016016016016016016,0.0002565127690252815
0.017017017017017015,0.0002895788681574467
0.018018018018018018,0.00032464897329762194
0.01901901901901902,0.0003617230844458072
0.02002002002002002,0.0004008012016020024
0.02102102102102102,0.0004418833247662076
0.022022022022022022,0.0004849694539384229
0.023023023023023025,0.0005300595891186482
0.024024024024024024,0.0005771537303068835
0.025025025025025023,0.0006262518775031286
0.026026026026026026,0.000677354030707384
0.02702702702702703,0.0007304601899196495
0.028028028028028028,0.0007855703551399247
0.029029029029029027,0.00084268452636821
0.03003003003003003,0.0009018027036045054
0.031031031031031032,0.0009629248868488108
0.03203203203203203,0.001026051076101126
0.03303303303303303,0.0010911812713614514
0.03403403403403403,0.0011583154726297867
0.035035035035035036,0.0012274536799061324
0.036036036036036036,0.0012985958931904878
0.037037037037037035,0.0013717421124828531
0.03803803803803804,0.0014468923377832289
0.03903903903903904,0.0015240465690916141
0.04004004004004004,0.0016032048064080096
0.04104104104104104,0.001684367049732415
0.04204204204204204,0.0017675332990648304
0.043043043043043044,0.0018527035544052563
0.044044044044044044,0.0019398778157536916
0.04504504504504504,0.002029056083110137
0.04604604604604605,0.002120238356474593
0.04704704704704705,0.0022134246358470585
0.04804804804804805,0.002308614921227534
0.04904904904904905,0.002405809212616019
0.050050050050050046,0.0025050075100125145
0.05105105105105105,0.0026062098134170208
0.05205205205205205,0.002709416122829536
0.05305305305305305,0.0028146264382500614
0.05405405405405406,0.002921840759678598
0.055055055055055056,0.0030310590871151432
0.056056056056056056,0.003142281420559699
0.057057057057057055,0.0032555077600122644
0.058058058058058054,0.00337073810547284
0.05905905905905906,0.003487972456941426
0.06006006006006006,0.0036072108144180218
0.06106106106106106,0.003728453177902627
0.062062062062062065,0.0038516995473952434
0.06306306306306306,0.003976949922895868
0.06406406406406406,0.004104204304404504
0.06506506506506507,0.004233462691921151
0.06606606606606606,0.004364725085445806
0.06706706706706707,0.004497991484978472
0.06806806806806806,0.004633261890519147
0.06906906906906907,0.004770536302067833
0.07007007007007007,0.004909814719624529
0.07107107107107107,0.005051097143189235
0.07207207207207207,0.005194383572761951
0.07307307307307308,0.005339674008342678
0.07407407407407407,0.0054869684499314125
0.07507507507507508,0.005636266897528159
0.07607607607607608,0.0057875693511329155
0.07707707707707707,0.005940875810745681
0.07807807807807808,0.006096186276366457
0.07907907907907907,0.006253500747995242
0.08008008008008008,0.006412819225632038
0.08108108108108109,0.006574141709276845
0.08208208208208208,0.00673746819892966
0.08308308308308308,0.006902798694590487
0.08408408408408408,0.0070701331962593214
0.08508508508508508,0.007239471703936168
0.08608608608608609,0.007410814217621025
0.08708708708708708,0.007584160737313889
0.08808808808808809,0.007759511263014766
0.0890890890890891,0.007936865794723653
0.09009009009009009,0.008116224332440547
0.09109109109109109,0.008297586876165455
0.0920920920920921,0.008480953425898372
0.09309309309309309,0.008666323981639296
0.0940940940940941,0.008853698543388234
0.09509509509509509,0.009043077111145178
0.0960960960960961,0.009234459684910136
0.0970970970970971,0.009427846264683102
0.0980980980980981,0.009623236850464076
0.0990990990990991,0.009820631442253064
0.10010010010010009,0.010020030040050058
0.1011011011011011,0.010221432643855066
0.1021021021021021,0.010424839253668083
0.1031031031031031,0.010630249869489107
0.1041041041041041,0.010837664491318144
0.10510510510510511,0.011047083119155192
0.1061061061061061,0.011258505753000246
0.10710710710710711,0.011471932392853315
0.10810810810810811,0.011687363038714392
0.1091091091091091,0.011904797690583476
0.11011011011011011,0.012124236348460573
0.1111111111111111,0.012345679012345678
0.11211211211211211,0.012569125682238795
0.11311311311311312,0.012794576358139922
0.11411411411411411,0.013022031040049058
0.11511511511511512,0.013251489727966205
0.11611611611611611,0.01348295242189136
0.11711711711711711,0.013716419121824527
0.11811811811811812,0.013951889827765704
0.11911911911911911,0.014189364539714889
0.12012012012012012,0.014428843257672087
0.12112112112112113,0.014670325981637294
0.12212212212212212,0.014913812711610509
0.12312312312312312,0.015159303447591735
0.12412412412412413,0.015406798189580974
0.12512512512512514,0.01565629693757822
0.12612612612612611,0.01590779969158347
0.12712712712712712,0.01616130645159674
0.12812812812812813,0.016416817217618018
0.12912912912912913,0.016674331989647306
0.13013013013013014,0.016933850767684604
0.13113113113113112,0.017195373551729905
0.13213213213213212,0.017458900341783223
0.13313313313313313,0.01772443113784455
0.13413413413413414,0.01799196593991389
0.13513513513513514,0.018261504747991236
0.13613613613613612,0.018533047562076587
0.13713713713713713,0.018806594382169955
0.13813813813813813,0.019082145208271332
0.13913913913913914,0.01935970004038072
0.14014014014014015,0.019639258878498118
0.14114114114114115,0.01992082172262353
0.14214214214214213,0.02020438857275694
0.14314314314314314,0.020489959428898367
0.14414414414414414,0.020777534291047804
0.14514514514514515,0.02106711315920525
0.14614614614614616,0.021358696033370712
0.14714714714714713,0.02165228291354417
0.14814814814814814,0.02194787379972565
0.14914914914914915,0.022245468691915137
0.15015015015015015,0.022545067590112634
0.15115115115115116,0.022846670494318145
0.15215215215215216,0.023150277404531662
0.15315315315315314,0.023455888320753182
0.15415415415415415,0.023763503242982723
0.15515515515515516,0.02407312217122027
0.15615615615615616,0.024384745105465826
0.15715715715715717,0.024698372045719397
0.15815815815815815,0.025014002991980967
0.15915915915915915,0.025331637944250553
0.16016016016016016,0.025651276902528154
0.16116116116116116,0.02597291986681376
0.16216216216216217,0.02629656683710738
0.16316316316316315,0.026622217813409
0.16416416416416416,0.02694987279571864
0.16516516516516516,0.027279531784036287
0.16616616616616617,0.027611194778361946
0.16716716716716717,0.027944861778695616
0.16816816816816815,0.028280532785037286
0.16916916916916916,0.028618207797386972
0.17017017017017017,0.028957886815744672
0.17117117117117117,0.02929956984011038
0.17217217217217218,0.0296432568704841
0.17317317317317318,0.029988947906865827
0.17417417417417416,0.030336642949255557
0.17517517517517517,0.030686341997653306
0.17617617617617617,0.031038045052059066
0.17717717717717718,0.03139175211247283
0.1781781781781782,0.03174746317889461
0.17917917917917917,0.03210517825132439
0.18018018018018017,0.03246489732976219
0.18118118118118118,0.032826620414208
0.18218218218218218,0.03319034750466182
0.1831831831831832,0.03355607860112365
0.1841841841841842,0.033923813703593486
0.18518518518518517,0.034293552812071325
0.18618618618618618,0.034665295926557184
0.1871871871871872,0.035039043047051056
0.1881881881881882,0.035414794173552935
0.1891891891891892,0.03579254930606282
0.19019019019019018,0.03617230844458071
0.19119119119119118,0.03655407158910662
0.1921921921921922,0.036937838739640544
0.1931931931931932,0.03732360989618247
0.1941941941941942,0.03771138505873241
0.19519519519519518,0.038101164227290346
0.1961961961961962,0.038492947401856305
0.1971971971971972,0.03888673458243028
0.1981981981981982,0.039282525769012255
0.1991991991991992,0.03968032096160225
0.20020020020020018,0.04008012016020023
0.2012012012012012,0.040481923364806244
0.2022022022022022,0.04088573057542026
0.2032032032032032,0.041291541792042294
0.2042042042042042,0.04169935701467233
0.20520520520520522,0.042109176243310384
0.2062062062062062,0.04252099947795643
0.2072072072072072,0.0429348267186105
0.2082082082082082,0.04335065796527258
0.2092092092092092,0.04376849321794267
0.21021021021021022,0.04418833247662077
0.2112112112112112,0.044610175741306865
0.2122122122122122,0.04503402301200098
0.2132132132132132,0.045459874288703114
0.21421421421421422,0.04588772957141326
0.21521521521521522,0.0463175888601314
0.21621621621621623,0.04674945215485757
0.2172172172172172,0.047183319455591725
0.2182182182182182,0.0476191907623339
0.21921921921921922,0.048057066075084094
0.22022022022022023,0.04849694539384229
0.22122122122122123,0.0489388287186085
0.2222222222222222,0.04938271604938271
0.22322322322322322,0.04982860738616494
0.22422422422422422,0.05027650272895518
0.22522522522522523,0.05072640207775343
0.22622622622622623,0.05117830543255969
0.2272272272272272,0.05163221279337395
0.22822822822822822,0.05208812416019623
0.22922922922922923,0.05254603953302652
0.23023023023023023,0.05300595891186482
0.23123123123123124,0.05346788229671113
0.23223223223223222,0.05393180968756544
0.23323323323323322,0.05439774108442776
0.23423423423423423,0.05486567648729811
0.23523523523523523,0.05533561589617646
0.23623623623623624,0.055807559311062814
0.23723723723723725,0.056281506731957184
0.23823823823823823,0.056757458158859554
0.23923923923923923,0.057235413591769944
0.24024024024024024,0.05771537303068835
0.24124124124124124,0.05819733647561476
0.24224224224224225,0.058681303926549175
0.24324324324324323,0.05916727538349159
0.24424424424424424,0.059655250846442034
0.24524524524524524,0.060145230315400484
0.24624624624624625,0.06063721379036694
0.24724724724724725,0.06113120127134142
0.24824824824824826,0.061627192758323894
0.24924924924924924,0.06212518825131437
0.2502502502502503,0.06262518775031288
0.25125125125125125,0.06312719125531939
0.25225225225225223,0.06363119876633389
0.25325325325325326,0.06413721028335644
0.25425425425425424,0.06464522580638696
0.2552552552552553,0.06515524533542552
0.25625625625625625,0.06566726887047207
0.25725725725725723,0.06618129641152663
0.25825825825825827,0.06669732795858922
0.25925925925925924,0.0672153635116598
0.2602602602602603,0.06773540307073841
0.26126126126126126,0.06825744663582502
0.26226226226226224,0.06878149420691962
0.26326326326326327,0.06930754578402226
0.26426426426426425,0.06983560136713289
0.2652652652652653,0.07036566095625156
0.26626626626626626,0.0708977245513782
0.26726726726726724,0.07143179215251286
0.2682682682682683,0.07196786375965555
0.26926926926926925,0.07250593937280624
0.2702702702702703,0.07304601899196494
0.27127127127127126,0.07358810261713164
0.27227227227227224,0.07413219024830635
0.2732732732732733,0.0746782818854891
0.27427427427427425,0.07522637752867982
0.2752752752752753,0.07577647717787858
0.27627627627627627,0.07632858083308533
0.2772772772772773,0.07688268849430012
0.2782782782782783,0.07743880016152288
0.27927927927927926,0.07799691583475366
0.2802802802802803,0.07855703551399247
0.28128128128128127,0.07911915919923927
0.2822822822822823,0.07968328689049411
0.2832832832832833,0.08024941858775693
0.28428428428428426,0.08081755429102776
0.2852852852852853,0.08138769400030661
0.2862862862862863,0.08195983771559347
0.2872872872872873,0.08253398543688835
0.2882882882882883,0.08311013716419122
0.28928928928928926,0.0836882928975021
0.2902902902902903,0.084268452636821
0.2912912912912913,0.0848506163821479
0.2922922922922923,0.08543478413348285
0.2932932932932933,0.08602095589082576
0.29429429429429427,0.08660913165417668
0.2952952952952953,0.08719931142353565
0.2962962962962963,0.0877914951989026
0.2972972972972973,0.08838568298027759
0.2982982982982983,0.08898187476766055
0.29929929929929927,0.08958007056105152
0.3003003003003003,0.09018027036045054
0.3013013013013013,0.09078247416585754
0.3023023023023023,0.09138668197727258
0.3033033033033033,0.0919928937946956
0.30430430430430433,0.09260110961812665
0.3053053053053053,0.09321132944756569
0.3063063063063063,0.09382355328301273
0.3073073073073073,0.09443778112446782
0.3083083083083083,0.09505401297193089
0.30930930930930933,0.095672248825402
0.3103103103103103,0.09629248868488108
0.3113113113113113,0.09691473255036817
0.3123123123123123,0.0975389804218633
0.3133133133133133,0.09816523229936643
0.31431431431431434,0.09879348818287759
0.3153153153153153,0.09942374807239672
0.3163163163163163,0.10005601196792387
0.3173173173173173,0.10069027986945905
0.3183183183183183,0.10132655177700221
0.31931931931931934,0.10196482769055343
0.3203203203203203,0.10260510761011261
0.3213213213213213,0.10324739153567981
0.32232232232232233,0.10389167946725504
0.3233233233233233,0.10453797140483827
0.32432432432432434,0.10518626734842952
0.3253253253253253,0.10583656729802876
0.3263263263263263,0.106488871253636
0.32732732732732733,0.1071431792152513
0.3283283283283283,0.10779949118287456
0.32932932932932935,0.10845780715650587
0.3303303303303303,0.10911812713614515
0.3313313313313313,0.10978045112179244
0.33233233233233234,0.11044477911344779
0.3333333333333333,0.1111111111111111
0.33433433433433435,0.11177944711478247
0.3353353353353353,0.1124497871244618
0.3363363363363363,0.11312213114014914
0.33733733733733734,0.11379647916184453
0.3383383383383383,0.11447283118954789
0.33933933933933935,0.1151511872232593
0.34034034034034033,0.11583154726297869
0.34134134134134136,0.11651391130870611
0.34234234234234234,0.11719827936044153
0.3433433433433433,0.11788465141818494
0.34434434434434436,0.1185730274819364
0.34534534534534533,0.11926340755169583
0.34634634634634637,0.11995579162746331
0.34734734734734735,0.12065017970923876
0.3483483483483483,0.12134657179702223
0.34934934934934936,0.12204496789081375
0.35035035035035034,0.12274536799061322
0.35135135135135137,0.12344777209642076
0.35235235235235235,0.12415218020823626
0.3533533533533533,0.12485859232605978
0.35435435435435436,0.12556700844989133
0.35535535535535534,0.12627742857973087
0.3563563563563564,0.12698985271557844
0.35735735735735735,0.12770428085743402
0.35835835835835833,0.12842071300529756
0.35935935935935936,0.1291391491591692
0.36036036036036034,0.12985958931904876
0.3613613613613614,0.1305820334849364
0.36236236236236236,0.131306481656832
0.36336336336336333,0.1320329338347356
0.36436436436436437,0.13276139001864729
0.36536536536536535,0.1334918502085669
0.3663663663663664,0.1342243144044946
0.36736736736736736,0.13495878260643024
0.3683683683683684,0.13569525481437394
0.36936936936936937,0.13643373102832562
0.37037037037037035,0.1371742112482853
0.3713713713713714,0.13791669547425303
0.37237237237237236,0.13866118370622874
0.3733733733733734,0.1394076759442125
0.3743743743743744,0.14015617218820423
0.37537537537537535,0.14090667243820396
0.3763763763763764,0.14165917669421174
0.37737737737737737,0.1424136849562275
0.3783783783783784,0.14317019722425128
0.3793793793793794,0.14392871349828307
0.38038038038038036,0.14468923377832285
0.3813813813813814,0.1454517580643707
0.38238238238238237,0.14621628635642647
0.3833833833833834,0.14698281865449034
0.3843843843843844,0.14775135495856218
0.38538538538538536,0.14852189526864198
0.3863863863863864,0.14929443958472988
0.38738738738738737,0.15006898790682574
0.3883883883883884,0.15084554023492963
0.3893893893893894,0.15162409656904152
0.39039039039039036,0.15240465690916138
0.3913913913913914,0.15318722125528933
0.3923923923923924,0.15397178960742522
0.3933933933933934,0.1547583619655692
0.3943943943943944,0.1555469383297211
0.39539539539539537,0.15633751869988105
0.3963963963963964,0.15713010307604902
0.3973973973973974,0.15792469145822496
0.3983983983983984,0.158721283846409
0.3993993993993994,0.15951988024060096
0.40040040040040037,0.16032048064080093
0.4014014014014014,0.16112308504700898
0.4024024024024024,0.16192769345922498
0.4034034034034034,0.16273430587744903
0.4044044044044044,0.16354292230168105
0.40540540540540543,0.16435354273192113
0.4064064064064064,0.16516616716816918
0.4074074074074074,0.16598079561042522
0.4084084084084084,0.16679742805868933
0.4094094094094094,0.1676160645129614
0.41041041041041043,0.16843670497324154
0.4114114114114114,0.1692593494395296
0.4124124124124124,0.1700839979118257
0.4134134134134134,0.17091065039012987
0.4144144144144144,0.171739306874442
0.41541541541541543,0.17256996736476218
0.4164164164164164,0.1734026318610903
0.4174174174174174,0.17423730036342647
0.4184184184184184,0.17507397287177068
0.4194194194194194,0.17591264938612286
0.42042042042042044,0.17675332990648307
0.4214214214214214,0.17759601443285125
0.4224224224224224,0.17844070296522746
0.42342342342342343,0.17928739550361172
0.4244244244244244,0.18013609204800393
0.42542542542542544,0.18098679259840422
0.4264264264264264,0.18183949715481246
0.4274274274274274,0.18269420571722872
0.42842842842842843,0.18355091828565304
0.4294294294294294,0.1844096348600853
0.43043043043043044,0.1852703554405256
0.4314314314314314,0.1861330800269739
0.43243243243243246,0.18699780861943027
0.43343343343343343,0.18786454121789456
0.4344344344344344,0.1887332778223669
0.43543543543543545,0.18960401843284727
0.4364364364364364,0.1904767630493356
0.43743743743743746,0.191351511671832
0.43843843843843844,0.19222826430033638
0.4394394394394394,0.19310702093484874
0.44044044044044045,0.19398778157536917
0.44144144144144143,0.19487054622189756
0.44244244244244246,0.195755314874434
0.44344344344344344,0.19664208753297843
0.4444444444444444,0.19753086419753085
0.44544544544544545,0.19842164486809133
0.44644644644644643,0.19931442954465975
0.44744744744744747,0.20020921822723625
0.44844844844844844,0.20110601091582073
0.4494494494494494,0.2020048076104132
0.45045045045045046,0.20290560831101373
0.45145145145145144,0.2038084130176222
0.45245245245245247,0.20471322173023876
0.45345345345345345,0.20562003444886326
0.4544544544544544,0.2065288511734958
0.45545545545545546,0.20743967190413637
0.45645645645645644,0.20835249664078492
0.4574574574574575,0.2092673253834415
0.45845845845845845,0.21018415813210609
0.45945945945945943,0.21110299488677864
0.46046046046046046,0.21202383564745927
0.46146146146146144,0.21294668041414785
0.4624624624624625,0.21387152918684452
0.46346346346346345,0.21479838196554912
0.46446446446446443,0.21572723875026176
0.46546546546546547,0.21665809954098242
0.46646646646646645,0.21759096433771105
0.4674674674674675,0.21852583314044777
0.46846846846846846,0.21946270594919243
0.4694694694694695,0.22040158276394514
0.47047047047047047,0.22134246358470583
0.47147147147147145,0.22228534841147451
0.4724724724724725,0.22323023724425126
0.47347347347347346,0.22417713008303597
0.4744744744744745,0.22512602692782874
0.4754754754754755,0.22607692777862948
0.47647647647647645,0.22702983263543822
0.4774774774774775,0.227984741498255
0.47847847847847846,0.22894165436707978
0.4794794794794795,0.2299005712419126
0.4804804804804805,0.2308614921227534
0.48148148148148145,0.23182441700960216
0.4824824824824825,0.23278934590245903
0.48348348348348347,0.23375627880132382
0.4844844844844845,0.2347252157061967
0.4854854854854855,0.23569615661707755
0.48648648648648646,0.23666910153396636
0.4874874874874875,0.23764405045686327
0.48848848848848847,0.23862100338576814
0.4894894894894895,0.23959996032068107
0.4904904904904905,0.24058092126160194
0.49149149149149146,0.24156388620853084
0.4924924924924925,0.24254885516146776
0.4934934934934935,0.2435358281204127
0.4944944944944945,0.24452480508536567
0.4954954954954955,0.2455157860563266
0.4964964964964965,0.24650877103329558
0.4974974974974975,0.24750376001627253
0.4984984984984985,0.24850075300525748
0.4994994994994995,0.24949975000025051
0.5005005005005005,0.2505007510012515
0.5015015015015015,0.2515037560082605
0.5025025025025025,0.25250876502127756
0.5035035035035035,0.25351577804030256
0.5045045045045045,0.25452479506533554
0.5055055055055055,0.2555358160963767
0.5065065065065065,0.25654884113342574
0.5075075075075075,0.2575638701764828
0.5085085085085085,0.25858090322554783
0.5095095095095095,0.2595999402806209
0.5105105105105106,0.2606209813417021
0.5115115115115115,0.2616440264087912
0.5125125125125125,0.2626690754818883
0.5135135135135135,0.2636961285609934
0.5145145145145145,0.26472518564610653
0.5155155155155156,0.26575624673722775
0.5165165165165165,0.2667893118343569
0.5175175175175175,0.26782438093749406
0.5185185185185185,0.2688614540466392
0.5195195195195195,0.26990053116179236
0.5205205205205206,0.27094161228295366
0.5215215215215215,0.2719846974101229
0.5225225225225225,0.27302978654330007
0.5235235235235235,0.27407687968248523
0.5245245245245245,0.2751259768276785
0.5255255255255256,0.2761770779788798
0.5265265265265265,0.27723018313608905
0.5275275275275275,0.2782852922993063
0.5285285285285285,0.27934240546853156
0.5295295295295295,0.28040152264376483
0.5305305305305306,0.28146264382500624
0.5315315315315315,0.2825257690122555
0.5325325325325325,0.2835908982055128
0.5335335335335335,0.28465803140477813
0.5345345345345345,0.28572716861005143
0.5355355355355356,0.28679830982133286
0.5365365365365365,0.2878714550386222
0.5375375375375375,0.28894660426191954
0.5385385385385385,0.29002375749122494
0.5395395395395395,0.29110291472653826
0.5405405405405406,0.2921840759678598
0.5415415415415415,0.29326724121518916
0.5425425425425425,0.29435241046852656
0.5435435435435435,0.295439583727872
0.5445445445445445,0.2965287609932254
0.5455455455455456,0.29761994226458693
0.5465465465465466,0.2987131275419564
0.5475475475475475,0.2998083168253338
0.5485485485485485,0.3009055101147193
0.5495495495495496,0.30200470741011287
0.5505505505505506,0.3031059087115143
0.5515515515515516,0.3042091140189238
0.5525525525525525,0.3053143233323413
0.5535535535535535,0.30642153665176686
0.5545545545545546,0.3075307539772005
0.5555555555555556,0.308641975308642
0.5565565565565566,0.3097552006460915
0.5575575575575575,0.3108704299895491
0.5585585585585585,0.3119876633390146
0.5595595595595596,0.3131069006944883
0.5605605605605606,0.3142281420559699
0.5615615615615616,0.3153513874234595
0.5625625625625625,0.3164766367969571
0.5635635635635635,0.3176038901764627
0.5645645645645646,0.31873314756197646
0.5655655655655656,0.31986440895349805
0.5665665665665666,0.3209976743510277
0.5675675675675675,0.32213294375456536
0.5685685685685685,0.32327021716411103
0.5695695695695696,0.3244094945796648
0.5705705705705706,0.32555077600122645
0.5715715715715716,0.32669406142879615
0.5725725725725725,0.32783935086237387
0.5735735735735735,0.32898664430195956
0.5745745745745746,0.3301359417475534
0.5755755755755756,0.33128724319915515
0.5765765765765766,0.33244054865676487
0.5775775775775776,0.3335958581203826
0.5785785785785785,0.3347531715900084
0.5795795795795796,0.33591248906564225
0.5805805805805806,0.337073810547284
0.5815815815815816,0.3382371360349338
0.5825825825825826,0.3394024655285916
0.5835835835835835,0.3405697990282574
0.5845845845845846,0.3417391365339314
0.5855855855855856,0.3429104780456132
0.5865865865865866,0.344083823563303
0.5875875875875876,0.3452591730870009
0.5885885885885885,0.3464365266167067
0.5895895895895896,0.34761588415242073
0.5905905905905906,0.3487972456941426
0.5915915915915916,0.34998061124187246
0.5925925925925926,0.3511659807956104
0.5935935935935935,0.3523533543553563
0.5945945945945946,0.35354273192111035
0.5955955955955956,0.35473411349287226
0.5965965965965966,0.3559274990706422
0.5975975975975976,0.35712288865442016
0.5985985985985985,0.3583202822442061
0.5995995995995996,0.3595196798400002
0.6006006006006006,0.36072108144180215
0.6016016016016016,0.36192448704961216
0.6026026026026026,0.36312989666343015
0.6036036036036035,0.36433731028325617
0.6046046046046046,0.3655467279090903
0.6056056056056056,0.36675814954093233
0.6066066066066066,0.3679715751787824
0.6076076076076076,0.3691870048226404
0.6086086086086087,0.3704044384725066
0.6096096096096096,0.37162387612838066
0.6106106106106106,0.37284531779026275
0.6116116116116116,0.3740687634581528
0.6126126126126126,0.3752942131320509
0.6136136136136137,0.37652166681195715
0.6146146146146146,0.3777511244978713
0.6156156156156156,0.3789825861897934
0.6166166166166166,0.38021605188772356
0.6176176176176176,0.3814515215916617
0.6186186186186187,0.382688995301608
0.6196196196196196,0.3839284730175621
0.6206206206206206,0.3851699547395243
0.6216216216216216,0.3864134404674945
0.6226226226226226,0.3876589302014727
0.6236236236236237,0.388906423941459
0.6246246246246246,0.3901559216874532
0.6256256256256256,0.39140742343945545
0.6266266266266266,0.3926609291974657
0.6276276276276276,0.39391643896148393
0.6286286286286287,0.39517395273151035
0.6296296296296297,0.3964334705075446
0.6306306306306306,0.3976949922895869
0.6316316316316316,0.39895851807763716
0.6326326326326326,0.40022404787169547
0.6336336336336337,0.4014915816717619
0.6346346346346347,0.4027611194778362
0.6356356356356356,0.40403266128991855
0.6366366366366366,0.40530620710800885
0.6376376376376376,0.40658175693210724
0.6386386386386387,0.4078593107622137
0.6396396396396397,0.4091388685983281
0.6406406406406406,0.41042043044045046
0.6416416416416416,0.41170399628858084
0.6426426426426426,0.41298956614271926
0.6436436436436437,0.41427714000286575
0.6446446446446447,0.41556671786902016
0.6456456456456456,0.4168582997411826
0.6466466466466466,0.41815188561935307
0.6476476476476476,0.4194474755035315
0.6486486486486487,0.4207450693937181
0.6496496496496497,0.4220446672899126
0.6506506506506506,0.42334626919211504
0.6516516516516516,0.42464987510032554
0.6526526526526526,0.425955485014544
0.6536536536536537,0.42726309893477066
0.6546546546546547,0.4285727168610052
0.6556556556556556,0.42988433879324767
0.6566566566566566,0.43119796473149824
0.6576576576576576,0.4325135946757568
0.6586586586586587,0.43383122862602347
0.6596596596596597,0.435150866582298
0.6606606606606606,0.4364725085445806
0.6616616616616616,0.4377961545128712
0.6626626626626626,0.43912180448716975
0.6636636636636637,0.4404494584674765
0.6646646646646647,0.44177911645379114
0.6656656656656657,0.44311077844611374
0.6666666666666666,0.4444444444444444
0.6676676676676676,0.445780114448783
0.6686686686686687,0.44711778845912986
0.6696696696696697,0.4484574664754845
0.6706706706706707,0.4497991484978472
0.6716716716716716,0.45114283452621784
0.6726726726726726,0.45248852456059657
0.6736736736736737,0.4538362186009834
0.6746746746746747,0.4551859166473781
0.6756756756756757,0.4565376186997808
0.6766766766766766,0.45789132475819155
0.6776776776776777,0.4592470348226105
0.6786786786786787,0.4606047488930372
0.6796796796796797,0.46196446696947197
0.6806806806806807,0.46332618905191475
0.6816816816816816,0.4646899151403655
0.6826826826826827,0.46605564523482446
0.6836836836836837,0.46742337933529127
0.6846846846846847,0.4687931174417661
0.6856856856856857,0.4701648595542489
0.6866866866866866,0.47153860567273975
0.6876876876876877,0.47291435579723873
0.6886886886886887,0.4742921099277456
0.6896896896896897,0.47567186806426043
0.6906906906906907,0.4770536302067833
0.6916916916916916,0.47843739635531424
0.6926926926926927,0.47982316650985324
0.6936936936936937,0.48121094067040016
0.6946946946946947,0.48260071883695504
0.6956956956956957,0.483992501009518
0.6966966966966966,0.4853862871880889
0.6976976976976977,0.48678207737266804
0.6986986986986987,0.488179871563255
0.6996996996996997,0.48957966975984996
0.7007007007007007,0.4909814719624529
0.7017017017017017,0.49238527817106387
0.7027027027027027,0.49379108838568303
0.7037037037037037,0.49519890260631005
0.7047047047047047,0.49660872083294505
0.7057057057057057,0.4980205430655881
0.7067067067067067,0.4994343693042391
0.7077077077077077,0.5008501995488983
0.7087087087087087,0.5022680337995653
0.7097097097097097,0.5036878720562404
0.7107107107107107,0.5051097143189235
0.7117117117117117,0.5065335605876146
0.7127127127127127,0.5079594108623138
0.7137137137137137,0.5093872651430209
0.7147147147147147,0.5108171234297361
0.7157157157157157,0.5122489857224591
0.7167167167167167,0.5136828520211902
0.7177177177177178,0.5151187223259296
0.7187187187187187,0.5165565966366767
0.7197197197197197,0.5179964749534319
0.7207207207207207,0.519438357276195
0.7217217217217217,0.5208822436049663
0.7227227227227228,0.5223281339397456
0.7237237237237237,0.5237760282805328
0.7247247247247247,0.525225926627328
0.7257257257257257,0.5266778289801313
0.7267267267267267,0.5281317353389424
0.7277277277277278,0.5295876457037618
0.7287287287287287,0.5310455600745891
0.7297297297297297,0.5325054784514244
0.7307307307307307,0.5339674008342676
0.7317317317317317,0.5354313272231189
0.7327327327327328,0.5368972576179784
0.7337337337337337,0.5383651920188457
0.7347347347347347,0.539835130425721
0.7357357357357357,0.5413070728386044
0.7367367367367368,0.5427810192574958
0.7377377377377378,0.5442569696823951
0.7387387387387387,0.5457349241133025
0.7397397397397397,0.5472148825502179
0.7407407407407407,0.5486968449931412
0.7417417417417418,0.5501808114420728
0.7427427427427428,0.5516667818970121
0.7437437437437437,0.5531547563579595
0.7447447447447447,0.5546447348249149
0.7457457457457457,0.5561367172978784
0.7467467467467468,0.55763070377685
0.7477477477477478,0.5591266942618295
0.7487487487487487,0.5606246887528169
0.7497497497497497,0.5621246872498123
0.7507507507507507,0.5636266897528158
0.7517517517517518,0.5651306962618274
0.7527527527527528,0.566636706776847
0.7537537537537538,0.5681447212978744
0.7547547547547547,0.56965473982491
0.7557557557557557,0.5711667623579535
0.7567567567567568,0.5726807888970051
0.7577577577577578,0.5741968194420647
0.7587587587587588,0.5757148539931323
0.7597597597597597,0.5772348925502079
0.7607607607607607,0.5787569351132914
0.7617617617617618,0.5802809816823832
0.7627627627627628,0.5818070322574828
0.7637637637637638,0.5833350868385904
0.7647647647647647,0.5848651454257059
0.7657657657657657,0.5863972080188296
0.7667667667667668,0.5879312746179614
0.7677677677677678,0.589467345223101
0.7687687687687688,0.5910054198342487
0.7697697697697697,0.5925454984514044
0.7707707707707707,0.5940875810745679
0.7717717717717718,0.5956316677037399
0.7727727727727728,0.5971777583389195
0.7737737737737738,0.5987258529801073
0.7747747747747747,0.600275951627303
0.7757757757757757,0.6018280542805067
0.7767767767767768,0.6033821609397185
0.7777777777777778,0.6049382716049383
0.7787787787787788,0.6064963862761661
0.7797797797797797,0.6080565049534018
0.7807807807807807,0.6096186276366455
0.7817817817817818,0.6111827543258975
0.7827827827827828,0.6127488850211573
0.7837837837837838,0.6143170197224251
0.7847847847847848,0.6158871584297009
0.7857857857857857,0.6174593011429848
0.7867867867867868,0.6190334478622768
0.7877877877877878,0.6206095985875766
0.7887887887887888,0.6221877533188844
0.7897897897897898,0.6237679120562003
0.7907907907907907,0.6253500747995242
0.7917917917917918,0.6269342415488562
0.7927927927927928,0.6285204123041961
0.7937937937937938,0.630108587065544
0.7947947947947948,0.6316987658328999
0.7957957957957957,0.6332909486062638
0.7967967967967968,0.634885135385636
0.7977977977977978,0.6364813261710158
0.7987987987987988,0.6380795209624038
0.7997997997997998,0.6396797197597998
0.8008008008008007,0.6412819225632037
0.8018018018018018,0.6428861293726159
0.8028028028028028,0.6444923401880359
0.8038038038038038,0.6461005550094638
0.8048048048048048,0.6477107738368999
0.8058058058058059,0.6493229966703441
0.8068068068068068,0.6509372235097961
0.8078078078078078,0.6525534543552561
0.8088088088088088,0.6541716892067242
0.8098098098098098,0.6557919280642003
0.8108108108108109,0.6574141709276845
0.8118118118118118,0.6590384177971766
0.8128128128128128,0.6606646686726767
0.8138138138138138,0.6622929235541848
0.8148148148148148,0.6639231824417009
0.8158158158158159,0.6655554453352251
0.8168168168168168,0.6671897122347573
0.8178178178178178,0.6688259831402974
0.8188188188188188,0.6704642580518456
0.8198198198198198,0.6721045369694018
0.8208208208208209,0.6737468198929661
0.8218218218218218,0.6753911068225383
0.8228228228228228,0.6770373977581184
0.8238238238238238,0.6786856926997067
0.8248248248248248,0.6803359916473029
0.8258258258258259,0.6819882946009073
0.8268268268268268,0.6836426015605195
0.8278278278278278,0.6852989125261397
0.8288288288288288,0.686957227497768
0.8298298298298298,0.6886175464754043
0.8308308308308309,0.6902798694590487
0.8318318318318318,0.691944196448701
0.8328328328328328,0.6936105274443612
0.8338338338338338,0.6952788624460295
0.8348348348348348,0.6969492014537059
0.8358358358358359,0.6986215444673903
0.8368368368368369,0.7002958914870827
0.8378378378378378,0.701972242512783
0.8388388388388388,0.7036505975444914
0.8398398398398398,0.7053309565822078
0.8408408408408409,0.7070133196259323
0.8418418418418419,0.7086976866756647
0.8428428428428428,0.710384057731405
0.8438438438438438,0.7120724327931535
0.8448448448448448,0.7137628118609098
0.8458458458458459,0.7154551949346745
0.8468468468468469,0.7171495820144469
0.8478478478478478,0.7188459731002274
0.8488488488488488,0.7205443681920157
0.8498498498498498,0.7222447672898122
0.8508508508508509,0.7239471703936169
0.8518518518518519,0.7256515775034293
0.8528528528528528,0.7273579886192498
0.8538538538538538,0.7290664037410783
0.8548548548548548,0.7307768228689149
0.8558558558558559,0.7324892460027596
0.8568568568568569,0.7342036731426121
0.8578578578578578,0.7359201042884727
0.8588588588588588,0.7376385394403412
0.8598598598598598,0.7393589785982178
0.8608608608608609,0.7410814217621025
0.8618618618618619,0.7428058689319951
0.8628628628628628,0.7445323201078956
0.8638638638638638,0.7462607752898043
0.8648648648648649,0.7479912344777211
0.8658658658658659,0.7497236976716457
0.8668668668668669,0.7514581648715782
0.8678678678678678,0.7531946360775189
0.8688688688688688,0.7549331112894676
0.8698698698698699,0.7566735905074244
0.8708708708708709,0.7584160737313891
0.8718718718718719,0.7601605609613618
0.8728728728728729,0.7619070521973424
0.8738738738738738,0.7636555474393312
0.8748748748748749,0.765406046687328
0.8758758758758759,0.7671585499413328
0.8768768768768769,0.7689130572013455
0.8778778778778779,0.7706695684673662
0.8788788788788788,0.772428083739395
0.8798798798798799,0.774188603017432
0.8808808808808809,0.7759511263014767
0.8818818818818819,0.7777156535915295
0.8828828828828829,0.7794821848875902
0.8838838838838838,0.781250720189659
0.8848848848848849,0.783021259497736
0.8858858858858859,0.7847938028118209
0.8868868868868869,0.7865683501319137
0.8878878878878879,0.7883449014580145
0.8888888888888888,0.7901234567901234
0.8898898898898899,0.7919040161282405
0.8908908908908909,0.7936865794723653
0.8918918918918919,0.7954711468224982
0.8928928928928929,0.797257718178639
0.8938938938938938,0.7990462935407879
0.8948948948948949,0.800836872908945
0.8958958958958959,0.80262945628311
0.8968968968968969,0.8044240436632829
0.8978978978978979,0.8062206350494638
0.8988988988988988,0.8080192304416528
0.8998998998998999,0.8098198298398499
0.9009009009009009,0.8116224332440549
0.9019019019019019,0.8134270406542679
0.9029029029029029,0.8152336520704888
0.9039039039039038,0.8170422674927178
0.9049049049049049,0.818852886920955
0.9059059059059059,0.8206655103552001
0.9069069069069069,0.822480137795453
0.9079079079079079,0.8242967692417141
0.9089089089089089,0.8261154046939831
0.9099099099099099,0.8279360441522604
0.9109109109109109,0.8297586876165455
0.9119119119119119,0.8315833350868386
0.9129129129129129,0.8334099865631397
0.9139139139139139,0.8352386420454487
0.914914914914915,0.837069301533766
0.9159159159159159,0.8389019650280912
0.9169169169169169,0.8407366325284243
0.9179179179179179,0.8425733040347654
0.9189189189189189,0.8444119795471146
0.91991991991992,0.846252659065472
0.9209209209209209,0.8480953425898371
0.9219219219219219,0.8499400301202102
0.9229229229229229,0.8517867216565914
0.9239239239239239,0.8536354171989806
0.924924924924925,0.8554861167473781
0.9259259259259259,0.8573388203017833
0.9269269269269269,0.8591935278621965
0.9279279279279279,0.8610502394286177
0.9289289289289289,0.862908955001047
0.92992992992993,0.8647696745794844
0.9309309309309309,0.8666323981639297
0.9319319319319319,0.868497125754383
0.9329329329329329,0.8703638573508442
0.933933933933934,0.8722325929533138
0.934934934934935,0.8741033325617911
0.9359359359359359,0.8759760761762764
0.9369369369369369,0.8778508237967697
0.9379379379379379,0.8797275754232711
0.938938938938939,0.8816063310557806
0.93993993993994,0.883487090694298
0.9409409409409409,0.8853698543388233
0.9419419419419419,0.8872546219893567
0.9429429429429429,0.8891413936458981
0.943943943943944,0.8910301693084477
0.944944944944945,0.892920948977005
0.9459459459459459,0.8948137326515705
0.9469469469469469,0.8967085203321439
0.9479479479479479,0.8986053120187253
0.948948948948949,0.900504107711315
0.94994994994995,0.9024049074099124
0.950950950950951,0.9043077111145179
0.9519519519519519,0.9062125188251314
0.9529529529529529,0.9081193305417529
0.953953953953954,0.9100281462643826
0.954954954954955,0.91193896599302
0.955955955955956,0.9138517897276656
0.9569569569569569,0.9157666174683191
0.9579579579579579,0.9176834492149807
0.958958958958959,0.9196022849676504
0.95995995995996,0.9215231247263279
0.960960960960961,0.9234459684910136
0.9619619619619619,0.9253708162617071
0.9629629629629629,0.9272976680384086
0.963963963963964,0.9292265238211185
0.964964964964965,0.9311573836098361
0.965965965965966,0.9330902474045617
0.9669669669669669,0.9350251152052953
0.9679679679679679,0.9369619870120369
0.968968968968969,0.9389008628247868
0.96996996996997,0.9408417426435445
0.970970970970971,0.9427846264683102
0.9719719719719719,0.9447295142990838
0.9729729729729729,0.9466764061358655
0.973973973973974,0.9486253019786554
0.974974974974975,0.9505762018274531
0.975975975975976,0.9525291056822588
0.9769769769769769,0.9544840135430726
0.9779779779779779,0.9564409254098942
0.978978978978979,0.9583998412827243
0.97997997997998,0.960360761161562
0.980980980980981,0.9623236850464078
0.9819819819819819,0.9642886129372615
0.9829829829829829,0.9662555448341233
0.983983983983984,0.9682244807369933
0.984984984984985,0.970195420645871
0.985985985985986,0.972168364560757
0.986986986986987,0.9741433124816508
0.9879879879879879,0.9761202644085526
0.988988988988989,0.9780992203414627
0.98998998998999,0.9800801802803805
0.990990990990991,0.9820631442253064
0.991991991991992,0.9840481121762402
0.992992992992993,0.9860350841331823
0.993993993993994,0.9880240600961322
0.994994994994995,0.9900150400650901
0.995995995995996,0.9920080240400561
0.996996996996997,0.9940030120210299
0.997997997997998,0.9960000040080121
0.998998998998999,0.9979990000010021
1.0,1.0
