0.0,0.0
0.001001001001001001,1.003006010015021e-09
0.002002002002002002,8.024048080120168e-09
0.003003003003003003,2.708116227040557e-08
0.004004004004004004,6.419238464096135e-08
0.005005005005005005,1.2537575125187763e-07
0.006006006006006006,2.1664929816324455e-07
0.007007007007007007,3.440310614351522e-07
0.008008008008008008,5.135390771276908e-07
0.009009009009009009,7.311913813009503e-07
0.01001001001001001,1.003006010015021e-06
0.011011011011011011,1.3350009993299929e-06
0.012012012012012012,1.7331943853059564e-06
0.013013013013013013,2.203604204003001e-06
0.014014014014014014,2.7522484914812175e-06
0.015015015015015015,3.385145283800696e-06
0.016016016016016016,4.108312617021526e-06
0.017017017017017015,4.9277685272037965e-06
0.018018018018018018,5.849531050407603e-06
0.01901901901901902,6.879618222693031e-06
0.02002002002002002,8.024048080120168e-06
0.02102102102102102,9.288838658749108e-06
0.022022022022022022,1.0680007994639943e-05
0.023023023023023025,1.2203574123852763e-05
0.024024024024024024,1.3865555082447651e-05
0.025025025025025023,1.56719689064847e-05
0.026026026026026026,1.7628833632024008e-05
0.02702702702702703,1.974216729512566e-05
0.028028028028028028,2.201798793184974e-05
0.029029029029029027,2.4462313578256342e-05
0.03003003003003003,2.708116227040557e-05
0.031031031031031032,2.9880552044357494e-05
0.03203203203203203,3.286650093617221e-05
0.03303303303303303,3.604502698190981e-05
0.03403403403403403,3.942214821763037e-05
0.035035035035035036,4.3003882679394035e-05
0.036036036036036036,4.679624840326082e-05
0.037037037037037035,5.080526342529085e-05
0.03803803803803804,5.503694578154425e-05
0.03903903903903904,5.949731350808104e-05
0.04004004004004004,6.419238464096135e-05
0.04104104104104104,6.912817721624525e-05
0.04204204204204204,7.431070926999286e-05
0.043043043043043044,7.974599883826429e-05
0.044044044044044044,8.544006395711954e-05
0.04504504504504504,9.139892266261877e-05
0.04604604604604605,9.76285929908221e-05
0.04704704704704705,0.00010413509297778954
0.04804804804804805,0.00011092444065958121
0.04904904904904905,0.0001180026540722572
0.050050050050050046,0.0001253757512518776
0.05105105105105105,0.00013304975023450255
0.05205205205205205,0.00014103066905619206
0.05305305305305305,0.00014932452575300626
0.05405405405405406,0.0001579373383610053
0.055055055055055056,0.00016687512491624914
0.056056056056056056,0.00017614390345479792
0.057057057057057055,0.00018574969201271175
0.058058058058058054,0.00019569850862605074
0.05905905905905906,0.00020599637133087502
0.06006006006006006,0.00021664929816324455
0.06106106106106106,0.00022766330715921946
0.062062062062062065,0.00023904441635485996
0.06306306306306306,0.0002507986437862259
0.06406406406406406,0.00026293200748937767
0.06506506506506507,0.0002754505255003752
0.06606606606606606,0.00028836021585527846
0.06706706706706707,0.0003016670965901478
0.06806806806806806,0.000315377185741043
0.06906906906906907,0.0003294965013440245
0.07007007007007007,0.0003440310614351523
0.07107107107107107,0.0003589868840504861
0.07207207207207207,0.00037436998722608657
0.07307307307307308,0.0003901863889980135
0.07407407407407407,0.0004064421074023268
0.07507507507507508,0.000423143160475087
0.07607607607607608,0.000440295566252354
0.07707707707707707,0.00045790534277018755
0.07807807807807808,0.0004759785080646483
0.07907907907907907,0.0004945210801717959
0.08008008008008008,0.0005135390771276908
0.08108108108108109,0.0005330385169683929
0.08208208208208208,0.000553025417729962
0.08308308308308308,0.0005735057974484588
0.08408408408408408,0.0005944856741599429
0.08508508508508508,0.0006159710659004747
0.08608608608608609,0.0006379679907061143
0.08708708708708708,0.0006604824666129213
0.08808808808808809,0.0006835205116569563
0.0890890890890891,0.0007070881438742795
0.09009009009009009,0.0007311913813009502
0.09109109109109109,0.0007558362419730295
0.0920920920920921,0.0007810287439265768
0.09309309309309309,0.0008067749051976522
0.0940940940940941,0.0008330807438223163
0.09509509509509509,0.0008599522778366285
0.0960960960960961,0.0008873955252766497
0.0970970970970971,0.0009154165041784394
0.0980980980980981,0.0009440212325780576
0.0990990990990991,0.0009732157285115649
0.10010010010010009,0.0010030060100150208
0.1011011011011011,0.001033398095124486
0.1021021021021021,0.0010643980018760204
0.1031031031031031,0.0010960117483056837
0.1041041041041041,0.0011282453524495365
0.10510510510510511,0.001161104832343639
0.1061061061061061,0.00119459620602405
0.10710710710710711,0.0012287254915268313
0.10810810810810811,0.0012634987068880423
0.1091091091091091,0.0012989218701437426
0.11011011011011011,0.0013350009993299931
0.1111111111111111,0.001371742112482853
0.11211211211211211,0.0014091512276383834
0.11311311311311312,0.0014472343628326439
0.11411411411411411,0.001485997536101694
0.11511511511511512,0.0015254467654815952
0.11611611611611611,0.001565588069008406
0.11711711711711711,0.0016064274647181877
0.11811811811811812,0.0016479709706470002
0.11911911911911911,0.0016902246048309025
0.12012012012012012,0.0017331943853059564
0.12112112112112113,0.0017768863301082208
0.12212212212212212,0.0018213064572737557
0.12312312312312312,0.0018664607848386222
0.12412412412412413,0.0019123553308388796
0.12512512512512514,0.0019589961133105885
0.12612612612612611,0.002006389150289807
0.12712712712712712,0.0020545404598125987
0.12812812812812813,0.0021034560599150214
0.12912912912912913,0.002153141968633136
0.13013013013013014,0.0022036042040030016
0.13113113113113112,0.0022548487840606778
0.13213213213213212,0.0023068817268422277
0.13313313313313313,0.0023597090503837087
0.13413413413413414,0.0024133367727211825
0.13513513513513514,0.0024677709118907077
0.13613613613613612,0.002523017485928344
0.13713713713713713,0.002579082512870154
0.13813813813813813,0.002635972010752196
0.13913913913913914,0.002693691997610531
0.14014014014014015,0.0027522484914812182
0.14114114114114115,0.002811647510400318
0.14214214214214213,0.0028718950724038886
0.14314314314314314,0.002932997195527994
0.14414414414414414,0.0029949598978086926
0.14514514514514515,0.0030577891972820436
0.14614614614614616,0.003121491111984108
0.14714714714714713,0.0031860716599509437
0.14814814814814814,0.0032515368592186144
0.14914914914914915,0.0033178927278231787
0.15015015015015015,0.003385145283800696
0.15115115115115116,0.0034533005451872273
0.15215215215215216,0.003522364530018832
0.15315315315315314,0.0035923432563315684
0.15415415415415415,0.0036632427421615004
0.15515515515515516,0.0037350690055446864
0.15615615615615616,0.0038078280645171864
0.15715715715715717,0.0038815259371150607
0.15815815815815815,0.003956168641374367
0.15915915915915915,0.004031762195331169
0.16016016016016016,0.004108312617021526
0.16116116116116116,0.004185825924481497
0.16216216216216217,0.004264308135747143
0.16316316316316315,0.004343765268854521
0.16416416416416416,0.004424203341839696
0.16516516516516516,0.004505628372738726
0.16616616616616617,0.0045880463795876705
0.16716716716716717,0.004671463380422591
0.16816816816816815,0.004755885393279543
0.16916916916916916,0.0048413184361945924
0.17017017017017017,0.004927768527203798
0.17117117117117117,0.0050152416843432185
0.17217217217217218,0.005103743925648914
0.17317317317317318,0.005193281269156946
0.17417417417417416,0.00528385973290337
0.17517517517517517,0.0053754853349242526
0.17617617617617617,0.005468164093255651
0.17717717717717718,0.0055619020259336256
0.1781781781781782,0.005656705150994236
0.17917917917917917,0.005752579486473539
0.18018018018018017,0.0058495310504076015
0.18118118118118118,0.00594756586083248
0.18218218218218218,0.006046689935784236
0.1831831831831832,0.006146909293298927
0.1841841841841842,0.006248229951412615
0.18518518518518517,0.006350657928161357
0.18618618618618618,0.006454199241581218
0.1871871871871872,0.006558859909708256
0.1881881881881882,0.00666464595057853
0.1891891891891892,0.006771563382228102
0.19019019019019018,0.006879618222693028
0.19119119119119118,0.0069888164900093735
0.1921921921921922,0.007099164202213197
0.1931931931931932,0.007210667377340558
0.1941941941941942,0.007323332033427515
0.19519519519519518,0.007437164188510127
0.1961961961961962,0.007552169860624461
0.1971971971971972,0.007668355067806571
0.1981981981981982,0.007785725828092519
0.1991991991991992,0.007904288159518366
0.20020020020020018,0.008024048080120166
0.2012012012012012,0.008145011607933988
0.2022022022022022,0.008267184760995888
0.2032032032032032,0.008390573557341928
0.2042042042042042,0.008515184015008163
0.20520520520520522,0.008641022152030659
0.2062062062062062,0.00876809398644547
0.2072072072072072,0.008896405536288662
0.2082082082082082,0.009025962819596292
0.2092092092092092,0.009156771854404422
0.21021021021021022,0.009288838658749111
0.2112112112112112,0.009422169250666414
0.2122122122122122,0.0095567696481924
0.2132132132132132,0.009692645869363126
0.21421421421421422,0.00982980393221465
0.21521521521521522,0.009968249854783036
0.21621621621621623,0.010107989655104338
0.2172172172172172,0.010249029351214618
0.2182182182182182,0.010391374961149941
0.21921921921921922,0.010535032502946363
0.22022022022022023,0.010680007994639945
0.22122122122122123,0.010826307454266746
0.2222222222222222,0.010973936899862823
0.22322322322322322,0.011122902349464246
0.22422422422422422,0.011273209821107067
0.22522522522522523,0.01142486533282735
0.22622622622622623,0.01157787490266115
0.2272272272272272,0.01173224454864453
0.22822822822822822,0.011887980288813552
0.22922922922922923,0.012045088141204276
0.23023023023023023,0.012203574123852761
0.23123123123123124,0.012363444254795066
0.23223223223223222,0.012524704552067247
0.23323323323323322,0.012687361033705375
0.23423423423423423,0.012851419717745501
0.23523523523523523,0.013016886622223691
0.23623623623623624,0.013183767765176001
0.23723723723723725,0.013352069164638493
0.23823823823823823,0.01352179683864722
0.23923923923923923,0.013692956805238255
0.24024024024024024,0.013865555082447651
0.24124124124124124,0.014039597688311468
0.24224224224224225,0.014215090640865766
0.24324324324324323,0.014392039958146603
0.24424424424424424,0.014570451658190046
0.24524524524524524,0.01475033175903215
0.24624624624624625,0.014931686278708977
0.24724724724724725,0.015114521235256586
0.24824824824824826,0.015298842646711037
0.24924924924924924,0.015484656531108386
0.2502502502502503,0.015671968906484708
0.25125125125125125,0.01586078579087604
0.25225225225225223,0.016051113202318456
0.25325325325325326,0.016242957158848027
0.25425425425425424,0.01643632367850079
0.2552552552552553,0.016631218779312822
0.25625625625625625,0.01682764847932017
0.25725725725725723,0.0170256187965589
0.25825825825825827,0.017225135749065087
0.25925925925925924,0.01742620535487476
0.2602602602602603,0.017628833632024013
0.26126126126126126,0.017833026598548875
0.26226226226226224,0.018038790272485422
0.26326326326326327,0.018246130671869726
0.26426426426426425,0.01845505381473782
0.2652652652652653,0.01866556571912579
0.26626626626626626,0.01887767240306967
0.26726726726726724,0.019091379884605537
0.2682682682682683,0.01930669418176946
0.26926926926926925,0.019523621312597474
0.2702702702702703,0.01974216729512566
0.27127127127127126,0.019962338147390065
0.27227227227227224,0.02018413988742675
0.2732732732732733,0.020407578533271794
0.27427427427427425,0.02063266010296123
0.2752752752752753,0.020859390614531143
0.27627627627627627,0.021087776086017567
0.2772772772772773,0.021317822535456592
0.2782782782782783,0.021549535980884247
0.27927927927927926,0.021782922440336607
0.2802802802802803,0.022017987931849746
0.28128128128128127,0.022254738473459695
0.2822822822822823,0.022493180083202544
0.2832832832832833,0.022733318779114324
0.28428428428428426,0.02297516057923111
0.2852852852852853,0.023218711501588975
0.2862862862862863,0.023463977564223953
0.2872872872872873,0.02371096478517213
0.2882882882882883,0.02395967918246954
0.28928928928928926,0.024210126774152255
0.2902902902902903,0.02446231357825635
0.2912912912912913,0.024716245612817857
0.2922922922922923,0.024971928895872863
0.2932932932932933,0.025229369445457405
0.29429429429429427,0.02548857327960755
0.2952952952952953,0.025749546416359376
0.2962962962962963,0.026012294873748915
0.2972972972972973,0.026276824669812255
0.2982982982982983,0.02654314182258543
0.29929929929929927,0.02681125235010451
0.3003003003003003,0.02708116227040557
0.3013013013013013,0.027352877601524644
0.3023023023023023,0.027626404361497818
0.3033033033033033,0.027901748568361126
0.30430430430430433,0.028178916240150655
0.3053053053053053,0.028457913394902435
0.3063063063063063,0.028738746050652547
0.3073073073073073,0.029021420225437057
0.3083083083083083,0.029305941937292003
0.30930930930930933,0.02959231720425347
0.3103103103103103,0.02988055204435749
0.3113113113113113,0.03017065247564014
0.3123123123123123,0.03046262451613749
0.3133133133133133,0.030756474183885576
0.31431431431431434,0.031052207496920486
0.3153153153153153,0.031349830473278245
0.3163163163163163,0.03164934913099494
0.3173173173173173,0.03195076948810663
0.3183183183183183,0.03225409756264935
0.31931931931931934,0.0325593393726592
0.3203203203203203,0.03286650093617221
0.3213213213213213,0.03317558827122444
0.32232232232232233,0.03348660739585198
0.3233233233233233,0.03379956432809085
0.32432432432432434,0.034114465085977146
0.3253253253253253,0.03443131568754689
0.3263263263263263,0.03475012215083617
0.32732732732732733,0.035070890493881055
0.3283283283283283,0.03539362673471757
0.32932932932932935,0.03571833689138181
0.3303303303303303,0.03604502698190981
0.3313313313313313,0.036373703024337636
0.33233233233233234,0.036704371036701364
0.3333333333333333,0.03703703703703703
0.33433433433433435,0.03737170704338073
0.3353353353353353,0.037708387073768466
0.3363363363363363,0.038047083146236345
0.33733733733733734,0.038387801278820424
0.3383383383383383,0.03873054748955674
0.33933933933933935,0.03907532779648139
0.34034034034034033,0.03942214821763038
0.34134134134134136,0.03977101477103983
0.34234234234234234,0.04012193347474575
0.3433433433433433,0.040474910346784215
0.34434434434434436,0.040829951405191314
0.34534534534534533,0.041187062668003066
0.34634634634634637,0.04154625015325557
0.34734734734734735,0.041907519878984834
0.3483483483483483,0.04227087786322696
0.34934934934934936,0.04263633012401802
0.35035035035035034,0.04300388267939402
0.35135135135135137,0.04337354154739108
0.35235235235235235,0.043745312746045206
0.3533533533533533,0.04411920229339249
0.35435435435435436,0.044495216207469004
0.35535535535535534,0.044873360506310765
0.3563563563563564,0.04525364120795389
0.35735735735735735,0.04563606433043437
0.35835835835835833,0.046020635891788314
0.35935935935935936,0.04640736191005179
0.36036036036036034,0.04679624840326081
0.3613613613613614,0.04718730138945149
0.36236236236236236,0.04758052688665984
0.36336336336336333,0.047975930912921946
0.36436436436436437,0.048373519486273886
0.36536536536536535,0.048773298624751674
0.3663663663663664,0.049175274346391414
0.36736736736736736,0.049579452669229127
0.3683683683683684,0.04998583961130092
0.36936936936936937,0.0503944411906428
0.37037037037037035,0.050805263425290854
0.3713713713713714,0.05121831233328116
0.37237237237237236,0.05163359393264974
0.3733733733733734,0.052051114241432696
0.3743743743743744,0.05247087927766605
0.37537537537537535,0.05289289505938587
0.3763763763763764,0.05331716760462824
0.37737737737737737,0.05374370293142919
0.3783783783783784,0.054172507057824816
0.3793793793793794,0.05460358600185113
0.38038038038038036,0.05503694578154422
0.3813813813813814,0.055472592414940174
0.38238238238238237,0.05591053192007499
0.3833833833833834,0.05635077031498479
0.3843843843843844,0.05679331361770558
0.38538538538538536,0.05723816784627344
0.3863863863863864,0.05768533901872446
0.38738738738738737,0.05813483315309465
0.3883883883883884,0.05858665626742012
0.3893893893893894,0.059040814379736885
0.39039039039039036,0.05949731350808102
0.3913913913913914,0.05995615967048862
0.3923923923923924,0.060417358884995685
0.3933933933933934,0.06088091716963833
0.3943943943943944,0.06134684054245257
0.39539539539539537,0.06181513502147448
0.3963963963963964,0.062285806624740155
0.3973973973973974,0.06275886137028559
0.3983983983983984,0.06323430527614693
0.3993993993993994,0.06371214436036014
0.40040040040040037,0.06419238464096133
0.4014014014014014,0.06467503213598659
0.4024024024024024,0.06516009286347191
0.4034034034034034,0.06564757284145341
0.4044044044044044,0.0661374780879671
0.40540540540540543,0.06662981462104911
0.4064064064064064,0.06712458845873542
0.4074074074074074,0.06762180561906213
0.4084084084084084,0.06812147212006531
0.4094094094094094,0.06862359397978099
0.41041041041041043,0.06912817721624527
0.4114114114114114,0.06963522784749417
0.4124124124124124,0.07014475189156376
0.4134134134134134,0.07065675536649013
0.4144144144144144,0.0711712442903093
0.41541541541541543,0.07168822468105736
0.4164164164164164,0.07220770255677034
0.4174174174174174,0.07272968393548432
0.4184184184184184,0.07325417483523537
0.4194194194194194,0.07378118127405953
0.42042042042042044,0.07431070926999289
0.4214214214214214,0.07484276484107145
0.4224224224224224,0.07537735400533131
0.42342342342342343,0.07591448278080856
0.4244244244244244,0.0764541571855392
0.42542542542542544,0.07699638323755936
0.4264264264264264,0.07754116695490501
0.4274274274274274,0.07808851435561227
0.42842842842842843,0.0786384314577172
0.4294294294294294,0.07919092427925584
0.43043043043043044,0.07974599883826429
0.4314314314314314,0.08030366115277854
0.43243243243243246,0.0808639172408347
0.43343343343343343,0.08142677312046882
0.4344344344344344,0.08199223480971694
0.43543543543543545,0.08256030832661518
0.4364364364364364,0.08313099968919953
0.43743743743743746,0.0837043149155061
0.43843843843843844,0.0842802600235709
0.4394394394394394,0.08485884103143003
0.44044044044044045,0.08544006395711956
0.44144144144144143,0.0860239348186755
0.44244244244244246,0.08661045963413397
0.44344344344344344,0.08719964442153097
0.4444444444444444,0.08779149519890259
0.44544544544544545,0.08838601798428493
0.44644644644644643,0.08898321879571397
0.44744744744744747,0.08958310365122583
0.44844844844844844,0.09018567856885654
0.4494494494494494,0.09079094956664216
0.45045045045045046,0.0913989226626188
0.45145145145145144,0.09200960387482243
0.45245245245245247,0.0926229992212892
0.45345345345345345,0.09323911472005511
0.4544544544544544,0.09385795638915624
0.45545545545545546,0.09447953024662868
0.45645645645645644,0.09510384231050842
0.4574574574574575,0.0957308985988316
0.45845845845845845,0.09636070512963421
0.45945945945945943,0.09699326792095234
0.46046046046046046,0.09762859299082209
0.46146146146146144,0.09826668635727943
0.4624624624624625,0.09890755403836053
0.46346346346346345,0.09955120205210134
0.46446446446446443,0.10019763641653798
0.46546546546546547,0.10084686314970653
0.46646646646646645,0.101498888269643
0.4674674674674675,0.1021537177943835
0.46846846846846846,0.10281135774196401
0.4694694694694695,0.1034718141304207
0.47047047047047047,0.10413509297778953
0.47147147147147145,0.1048012003021066
0.4724724724724725,0.10547014212140801
0.47347347347347346,0.10614192445372975
0.4744744744744745,0.10681655331710795
0.4754754754754755,0.10749403472957858
0.47647647647647645,0.10817437470917776
0.4774774774774775,0.10885757927394159
0.47847847847847846,0.10954365444190604
0.4794794794794795,0.11023260623110724
0.4804804804804805,0.11092444065958121
0.48148148148148145,0.111619163745364
0.4824824824824825,0.11231678150649174
0.48348348348348347,0.1130172999610004
0.4844844844844845,0.11372072512692613
0.4854854854854855,0.1144270630223049
0.48648648648648646,0.11513631966517282
0.4874874874874875,0.11584850107356598
0.48848848848848847,0.11656361326552037
0.4894894894894895,0.1172816622590721
0.4904904904904905,0.1180026540722572
0.49149149149149146,0.11872659472311174
0.4924924924924925,0.11945349022967182
0.4934934934934935,0.12018334660997343
0.4944944944944945,0.12091616988205268
0.4954954954954955,0.1216519660639456
0.4964964964964965,0.1223907411736883
0.4974974974974975,0.12313250122931677
0.4984984984984985,0.12387725224886709
0.4994994994994995,0.12462500025037539
0.5005005005005005,0.12537575125187767
0.5015015015015015,0.12612951127140995
0.5025025025025025,0.12688628632700832
0.5035035035035035,0.12764608243670889
0.5045045045045045,0.12840890561854765
0.5055055055055055,0.12917476189056082
0.5065065065065065,0.12994365727078422
0.5075075075075075,0.13071559777725403
0.5085085085085085,0.13149058942800632
0.5095095095095095,0.1322686382410771
0.5105105105105106,0.13304975023450258
0.5115115115115115,0.13383393142631864
0.5125125125125125,0.13462118783456137
0.5135135135135135,0.13541152547726687
0.5145145145145145,0.1362049503724712
0.5155155155155156,0.13700146853821052
0.5165165165165165,0.1378010859925207
0.5175175175175175,0.13860380875343786
0.5185185185185185,0.1394096428389981
0.5195195195195195,0.14021859426723746
0.5205205205205206,0.1410306690561921
0.5215215215215215,0.1418458732238979
0.5225225225225225,0.142664212788391
0.5235235235235235,0.14348569376770748
0.5245245245245245,0.14431032217988338
0.5255255255255256,0.14513810404295488
0.5265265265265265,0.1459690453749578
0.5275275275275275,0.14680315219392834
0.5285285285285285,0.14764043051790257
0.5295295295295295,0.1484808863649165
0.5305305305305306,0.1493245257530063
0.5315315315315315,0.1501713547002079
0.5325325325325325,0.15102137922455736
0.5335335335335335,0.1518746053440908
0.5345345345345345,0.1527310390768443
0.5355355355355356,0.15359068644085394
0.5365365365365365,0.15445355345415568
0.5375375375375375,0.15531964613478558
0.5385385385385385,0.1561889705007798
0.5395395395395395,0.1570615325701743
0.5405405405405406,0.1579373383610053
0.5415415415415415,0.15881639389130867
0.5425425425425425,0.15969870517912052
0.5435435435435435,0.16058427824247695
0.5445445445445445,0.161473119099414
0.5455455455455456,0.16236523376796785
0.5465465465465466,0.16326062826617435
0.5475475475475475,0.16415930861206968
0.5485485485485485,0.16506128082368984
0.5495495495495496,0.16596655091907106
0.5505505505505506,0.16687512491624915
0.5515515515515516,0.16778700883326028
0.5525525525525525,0.16870220868814054
0.5535535535535535,0.16962073049892598
0.5545545545545546,0.17054258028365274
0.5555555555555556,0.1714677640603567
0.5565565565565566,0.17239628784707398
0.5575575575575575,0.17332815766184068
0.5585585585585585,0.17426337952269286
0.5595595595595596,0.17520195944766667
0.5605605605605606,0.17614390345479797
0.5615615615615616,0.1770892175621229
0.5625625625625625,0.17803790778767756
0.5635635635635635,0.178989980149498
0.5645645645645646,0.17994544066562035
0.5655655655655656,0.1809042953540805
0.5665665665665666,0.1818665502329146
0.5675675675675675,0.1828322113201587
0.5685685685685685,0.18380128463384887
0.5695695695695696,0.18477377619202132
0.5705705705705706,0.1857496920127118
0.5715715715715716,0.18672903811395655
0.5725725725725725,0.18771182051379162
0.5735735735735735,0.18869804523025308
0.5745745745745746,0.18968771828137704
0.5755755755755756,0.1906808456851994
0.5765765765765766,0.19167743345975632
0.5775775775775776,0.19267748762308384
0.5785785785785785,0.19368101419321804
0.5795795795795796,0.1946880191881951
0.5805805805805806,0.1956985086260508
0.5815815815815816,0.19671248852482137
0.5825825825825826,0.19772996490254285
0.5835835835835835,0.1987509437772513
0.5845845845845846,0.1997754311669829
0.5855855855855856,0.2008034330897735
0.5865865865865866,0.20183495556365924
0.5875875875875876,0.20287000460667617
0.5885885885885885,0.2039085862368604
0.5895895895895896,0.20495070647224806
0.5905905905905906,0.205996371330875
0.5915915915915916,0.20704558683077742
0.5925925925925926,0.20809835898999132
0.5935935935935935,0.2091546938265528
0.5945945945945946,0.21021459735849804
0.5955955955955956,0.21127807560386286
0.5965965965965966,0.21234513458068344
0.5975975975975976,0.21341578030699582
0.5985985985985985,0.21449001880083607
0.5995995995995996,0.21556785608024037
0.6006006006006006,0.21664929816324455
0.6016016016016016,0.21773435106788477
0.6026026026026026,0.21882302081219715
0.6036036036036035,0.21991531341421766
0.6046046046046046,0.22101123489198254
0.6056056056056056,0.2221107912635276
0.6066066066066066,0.223213988546889
0.6076076076076076,0.2243208327601028
0.6086086086086087,0.22543132992120524
0.6096096096096096,0.22654548604823208
0.6106106106106106,0.22766330715921948
0.6116116116116116,0.22878479927220358
0.6126126126126126,0.22990996840522038
0.6136136136136137,0.23103882057630606
0.6146146146146146,0.23217136180349646
0.6156156156156156,0.23330759810482776
0.6166166166166166,0.23444753549833602
0.6176176176176176,0.2355911800020573
0.6186186186186187,0.23673853763402777
0.6196196196196196,0.23788961441228326
0.6206206206206206,0.23904441635485993
0.6216216216216216,0.24020294947979387
0.6226226226226226,0.24136521980512113
0.6236236236236237,0.24253123334887788
0.6246246246246246,0.24370099612909993
0.6256256256256256,0.2448745141638235
0.6266266266266266,0.2460517934710846
0.6276276276276276,0.24723284006891935
0.6286286286286287,0.24841765997536389
0.6296296296296297,0.24960625920845403
0.6306306306306306,0.25079864378622596
0.6316316316316316,0.2519948197267158
0.6326326326326326,0.2531947930479595
0.6336336336336337,0.2543985697679933
0.6346346346346347,0.255606155904853
0.6356356356356356,0.25681755747657486
0.6366366366366366,0.2580327805011948
0.6376376376376376,0.25925183099674903
0.6386386386386387,0.2604747149812736
0.6396396396396397,0.26170143847280447
0.6406406406406406,0.2629320074893777
0.6416416416416416,0.26416642804902934
0.6426426426426426,0.2654047061697955
0.6436436436436437,0.26664684786971243
0.6446446446446447,0.2678928591668158
0.6456456456456456,0.2691427460791419
0.6466466466466466,0.2703965146247268
0.6476476476476476,0.2716541708216065
0.6486486486486487,0.27291572068781716
0.6496496496496497,0.27418117024139466
0.6506506506506506,0.27545052550037513
0.6516516516516516,0.27672379248279466
0.6526526526526526,0.27800097720668937
0.6536536536536537,0.2792820856900953
0.6546546546546547,0.28056712395104844
0.6556556556556556,0.2818560980075848
0.6566566566566566,0.28314901387774055
0.6576576576576576,0.2844458775795517
0.6586586586586587,0.2857466951310545
0.6596596596596597,0.2870514725502847
0.6606606606606606,0.2883602158552785
0.6616616616616616,0.2896729310640719
0.6626626626626626,0.2909896241947011
0.6636636636636637,0.29231030126520213
0.6646646646646647,0.2936349682936109
0.6656656656656657,0.2949636312979636
0.6666666666666666,0.2962962962962962
0.6676676676676676,0.2976329693066449
0.6686686686686687,0.2989736563470458
0.6696696696696697,0.3003183634355347
0.6706706706706707,0.30166709659014773
0.6716716716716716,0.3030198618289211
0.6726726726726726,0.30437666516989076
0.6736736736736737,0.30573751263109294
0.6746746746746747,0.3071024102305634
0.6756756756756757,0.3084713639863384
0.6766766766766766,0.3098443799164539
0.6776776776776777,0.31122146403894624
0.6786786786786787,0.3126026223718511
0.6796796796796797,0.3139878609332047
0.6806806806806807,0.31537718574104306
0.6816816816816816,0.3167706028134023
0.6826826826826827,0.31816811816831864
0.6836836836836837,0.3195697378238278
0.6846846846846847,0.320975467797966
0.6856856856856857,0.32238531410876925
0.6866866866866866,0.3237992827742737
0.6876876876876877,0.32521737981251553
0.6886886886886887,0.3266396112415305
0.6896896896896897,0.3280659830793548
0.6906906906906907,0.32949650134402453
0.6916916916916916,0.3309311720535757
0.6926926926926927,0.33237000122604454
0.6936936936936937,0.3338129948794668
0.6946946946946947,0.33526015903187867
0.6956956956956957,0.3367114997013163
0.6966966966966966,0.3381670229058157
0.6976976976976977,0.33962673466341303
0.6986986986986987,0.34109064099214415
0.6996996996996997,0.34255874791004515
0.7007007007007007,0.34403106143515216
0.7017017017017017,0.34550758758550126
0.7027027027027027,0.34698833237912863
0.7037037037037037,0.34847330183407005
0.7047047047047047,0.34996250196836165
0.7057057057057057,0.3514559388000396
0.7067067067067067,0.3529536183471399
0.7077077077077077,0.3544555466276988
0.7087087087087087,0.35596172965975204
0.7097097097097097,0.3574721734613358
0.7107107107107107,0.3589868840504861
0.7117117117117117,0.36050586744523916
0.7127127127127127,0.3620291296636311
0.7137137137137137,0.3635566767236976
0.7147147147147147,0.36508851464347497
0.7157157157157157,0.36662464944099926
0.7167167167167167,0.3681650871343065
0.7177177177177178,0.36970983374143296
0.7187187187187187,0.37125889528041434
0.7197197197197197,0.3728122777692868
0.7207207207207207,0.3743699872260865
0.7217217217217217,0.3759320296688495
0.7227227227227228,0.37749841111561194
0.7237237237237237,0.37906913758440963
0.7247247247247247,0.3806442150932787
0.7257257257257257,0.3822236496602554
0.7267267267267267,0.38380744730337557
0.7277277277277278,0.38539561404067557
0.7287287287287287,0.3869881558901911
0.7297297297297297,0.3885850788699583
0.7307307307307307,0.3901863889980134
0.7317317317317317,0.3917920922923923
0.7327327327327328,0.3934021947711313
0.7337337337337337,0.39501670245226617
0.7347347347347347,0.396635621353833
0.7357357357357357,0.398258957493868
0.7367367367367368,0.39988671689040733
0.7377377377377378,0.4015189055614867
0.7387387387387387,0.4031555295251424
0.7397397397397397,0.4047965947994104
0.7407407407407407,0.40644210740232684
0.7417417417417418,0.4080920733519279
0.7427427427427428,0.4097464986662493
0.7437437437437437,0.41140538936332727
0.7447447447447447,0.4130687514611979
0.7457457457457457,0.4147365909778973
0.7467467467467468,0.41640891393146157
0.7477477477477478,0.4180857263399265
0.7487487487487487,0.4197670342213284
0.7497497497497497,0.4214528435937031
0.7507507507507507,0.42314316047508693
0.7517517517517518,0.424837990883516
0.7527527527527528,0.42653734083702594
0.7537537537537538,0.4282412163536531
0.7547547547547547,0.4299496234514335
0.7557557557557557,0.43166256814840326
0.7567567567567568,0.43338005646259853
0.7577577577577578,0.43510209441205505
0.7587587587587588,0.43682868801480906
0.7597597597597597,0.43855984328889663
0.7607607607607607,0.4402955662523538
0.7617617617617618,0.44203586292321684
0.7627627627627628,0.4437807393195214
0.7637637637637638,0.4455302014593037
0.7647647647647647,0.4472842553605999
0.7657657657657657,0.44904290704144606
0.7667667667667668,0.4508061625198783
0.7677677677677678,0.4525740278139324
0.7687687687687688,0.45434650894164463
0.7697697697697697,0.45612361192105094
0.7707707707707707,0.4579053427701875
0.7717717717717718,0.45969170750709054
0.7727727727727728,0.4614827121497957
0.7737737737737738,0.4632783627163392
0.7747747747747747,0.4650786652247572
0.7757757757757757,0.4668836256930857
0.7767767767767768,0.468693250139361
0.7777777777777778,0.4705075445816187
0.7787787787787788,0.4723265150378951
0.7797797797797797,0.4741501675262262
0.7807807807807807,0.47597850806464814
0.7817817817817818,0.4778115426711972
0.7827827827827828,0.47964927736390894
0.7837837837837838,0.48149171816081965
0.7847847847847848,0.4833388710799655
0.7857857857857857,0.48519074213938235
0.7867867867867868,0.48704733735710665
0.7877877877877878,0.48890866275117395
0.7887887887887888,0.49077472433962055
0.7897897897897898,0.4926455281404825
0.7907907907907907,0.49452108017179586
0.7917917917917918,0.49640138645159687
0.7927927927927928,0.49828645299792124
0.7937937937937938,0.5001762858288051
0.7947947947947948,0.5020708909622847
0.7957957957957957,0.5039702744163961
0.7967967967967968,0.5058744422091754
0.7977977977977978,0.5077834003586583
0.7987987987987988,0.5096971548828811
0.7997997997997998,0.5116157117998799
0.8008008008008007,0.5135390771276906
0.8018018018018018,0.5154672568843497
0.8028028028028028,0.5174002570878927
0.8038038038038038,0.5193380837563558
0.8048048048048048,0.5212807429077753
0.8058058058058059,0.5232282405601872
0.8068068068068068,0.5251805827316273
0.8078078078078078,0.5271377754401319
0.8088088088088088,0.5290998247037368
0.8098098098098098,0.5310667365404784
0.8108108108108109,0.5330385169683929
0.8118118118118118,0.5350151720055157
0.8128128128128128,0.5369967076698834
0.8138138138138138,0.5389831299795318
0.8148148148148148,0.540974444952497
0.8158158158158159,0.5429706586068154
0.8168168168168168,0.5449717769605225
0.8178178178178178,0.5469778060316547
0.8188188188188188,0.5489887518382479
0.8198198198198198,0.5510046203983383
0.8208208208208209,0.5530254177299622
0.8218218218218218,0.5550511498511551
0.8228228228228228,0.5570818227799533
0.8238238238238238,0.559117442534393
0.8248248248248248,0.5611580151325101
0.8258258258258259,0.5632035465923408
0.8268268268268268,0.565254042931921
0.8278278278278278,0.5673095101692869
0.8288288288288288,0.5693699543224744
0.8298298298298298,0.5714353814095197
0.8308308308308309,0.5735057974484589
0.8318318318318318,0.5755812084573279
0.8328328328328328,0.5776616204541627
0.8338338338338338,0.5797470394569996
0.8348348348348348,0.5818374714838745
0.8358358358358359,0.5839329225528238
0.8368368368368369,0.586033398681883
0.8378378378378378,0.5881389058890885
0.8388388388388388,0.5902494501924762
0.8398398398398398,0.5923650376100823
0.8408408408408409,0.5944856741599431
0.8418418418418419,0.5966113658600941
0.8428428428428428,0.5987421187285716
0.8438438438438438,0.6008779387834118
0.8448448448448448,0.6030188320426505
0.8458458458458459,0.6051648045243243
0.8468468468468469,0.6073158622464685
0.8478478478478478,0.6094720112271197
0.8488488488488488,0.6116332574843136
0.8498498498498498,0.6137996070360866
0.8508508508508509,0.6159710659004749
0.8518518518518519,0.6181476400955139
0.8528528528528528,0.6203293356392401
0.8538538538538538,0.6225161585496894
0.8548548548548548,0.6247081148448982
0.8558558558558559,0.6269052105429024
0.8568568568568569,0.6291074516617376
0.8578578578578578,0.6313148442194405
0.8588588588588588,0.6335273942340467
0.8598598598598598,0.6357451077235926
0.8608608608608609,0.6379679907061143
0.8618618618618619,0.6401960491996475
0.8628628628628628,0.6424292892222283
0.8638638638638638,0.6446677167918929
0.8648648648648649,0.6469113379266777
0.8658658658658659,0.6491601586446182
0.8668668668668669,0.6514141849637506
0.8678678678678678,0.6536734229021111
0.8688688688688688,0.6559378784777355
0.8698698698698699,0.6582075577086606
0.8708708708708709,0.6604824666129214
0.8718718718718719,0.6627626112085546
0.8728728728728729,0.6650479975135962
0.8738738738738738,0.6673386315460821
0.8748748748748749,0.6696345193240488
0.8758758758758759,0.6719356668655317
0.8768768768768769,0.6742420801885672
0.8778778778778779,0.6765537653111914
0.8788788788788788,0.6788707282514402
0.8798798798798799,0.68119297502735
0.8808808808808809,0.6835205116569565
0.8818818818818819,0.6858533441582958
0.8828828828828829,0.688191478549404
0.8838838838838838,0.6905349208483172
0.8848848848848849,0.6928836770730717
0.8858858858858859,0.6952377532417032
0.8868868868868869,0.6975971553722478
0.8878878878878879,0.6999618894827416
0.8888888888888888,0.7023319615912207
0.8898898898898899,0.7047073777157215
0.8908908908908909,0.7070881438742794
0.8918918918918919,0.7094742660849308
0.8928928928928929,0.7118657503657118
0.8938938938938938,0.7142626027346582
0.8948948948948949,0.7166648292098067
0.8958958958958959,0.7190724358091927
0.8968968968968969,0.7214854285508523
0.8978978978978979,0.7239038134528218
0.8988988988988988,0.7263275965331373
0.8998998998998999,0.728756783809835
0.9009009009009009,0.7311913813009504
0.9019019019019019,0.7336313950245199
0.9029029029029029,0.7360768309985795
0.9039039039039038,0.7385276952411653
0.9049049049049049,0.7409839937703137
0.9059059059059059,0.7434457326040601
0.9069069069069069,0.7459129177604409
0.9079079079079079,0.7483855552574922
0.9089089089089089,0.7508636511132499
0.9099099099099099,0.7533472113457506
0.9109109109109109,0.7558362419730295
0.9119119119119119,0.758330749013123
0.9129129129129129,0.7608307384840673
0.9139139139139139,0.7633362164038986
0.914914914914915,0.7658471887906528
0.9159159159159159,0.7683636616623658
0.9169169169169169,0.7708856410370737
0.9179179179179179,0.7734131329328127
0.9189189189189189,0.7759461433676187
0.91991991991992,0.7784846783595283
0.9209209209209209,0.7810287439265767
0.9219219219219219,0.7835783460868004
0.9229229229229229,0.7861334908582355
0.9239239239239239,0.788694184258918
0.924924924924925,0.7912604323068843
0.9259259259259259,0.7938322410201697
0.9269269269269269,0.7964096164168107
0.9279279279279279,0.7989925645148435
0.9289289289289289,0.8015810913323038
0.92992992992993,0.8041752028872283
0.9309309309309309,0.8067749051976523
0.9319319319319319,0.8093802042816122
0.9329329329329329,0.811991106157144
0.933933933933934,0.8146076168422841
0.934934934934935,0.817229742355068
0.9359359359359359,0.8198574887135319
0.9369369369369369,0.8224908619357121
0.9379379379379379,0.8251298680396446
0.938938938938939,0.8277745130433656
0.93993993993994,0.8304248029649107
0.9409409409409409,0.8330807438223162
0.9419419419419419,0.8357423416336183
0.9429429429429429,0.8384096024168528
0.943943943943944,0.8410825321900562
0.944944944944945,0.8437611369712641
0.9459459459459459,0.8464454227785126
0.9469469469469469,0.849135395629838
0.9479479479479479,0.8518310615432761
0.948948948948949,0.8545324265368636
0.94994994994995,0.8572394966286355
0.950950950950951,0.8599522778366286
0.9519519519519519,0.8626707761788788
0.9529529529529529,0.8653949976734221
0.953953953953954,0.8681249483382949
0.954954954954955,0.8708606341915327
0.955955955955956,0.8736020612511718
0.9569569569569569,0.8763492355352483
0.9579579579579579,0.8791021630617982
0.958958958958959,0.8818608498488579
0.95995995995996,0.884625301914463
0.960960960960961,0.8873955252766497
0.9619619619619619,0.890171525953454
0.9629629629629629,0.892953309962912
0.963963963963964,0.8957408833230602
0.964964964964965,0.8985342520519339
0.965965965965966,0.9013334221675696
0.9669669669669669,0.9041383996880032
0.9679679679679679,0.906949190631271
0.968968968968969,0.909765801015409
0.96996996996997,0.912588236858453
0.970970970970971,0.9154165041784392
0.9719719719719719,0.9182506089934037
0.9729729729729729,0.9210905573213826
0.973973973973974,0.9239363551804122
0.974974974974975,0.9267880085885278
0.975975975975976,0.9296455235637661
0.9769769769769769,0.9325089061241629
0.9779779779779779,0.9353781622877544
0.978978978978979,0.9382532980725768
0.97997997997998,0.9411343194966658
0.980980980980981,0.9440212325780576
0.9819819819819819,0.9469140433347883
0.9829829829829829,0.9498127577848939
0.983983983983984,0.9527173819464109
0.984984984984985,0.9556279218373745
0.985985985985986,0.9585443834758214
0.986986986986987,0.9614667728797874
0.9879879879879879,0.9643950960673087
0.988988988988989,0.9673293590564215
0.98998998998999,0.9702695678651615
0.990990990990991,0.9732157285115648
0.991991991991992,0.9761678470136677
0.992992992992993,0.9791259293895064
0.993993993993994,0.9820899816571165
0.994994994994995,0.9850600098345341
0.995995995995996,0.9880360199397955
0.996996996996997,0.9910180179909367
0.997997997997998,0.9940060100059941
0.998998998998999,0.9970000020030031
1.0,1.0
